***> 56 accuracy_score:
[0.61538462 0.80769231 0.875      0.90740741]


***> 56 f1_score:
[0.66666667 0.85714286 0.90909091 0.93506494]


***> 56 mutual_info_score:
[0.1330883  0.24870023 0.32364233 0.35498485]


***> 56 confusion_matrix:
[[[ 3  0]
  [ 5  5]]

 [[ 6  0]
  [ 5 15]]

 [[10  0]
  [ 5 25]]

 [[13  0]
  [ 5 36]]]


***> 56 matthews_corrcoef:
[0.4330127  0.63960215 0.74535599 0.79633306]


***> 10K accuracy_score:
[0.7515006  0.7555022  0.7808749  0.79875975]


***> 10K f1_score:
[0.73962264 0.74814509 0.78177713 0.79847756]


***> 10K mutual_info_score:
[0.17379387 0.15931755 0.18521389 0.20348145]


***> 10K confusion_matrix:
[[[ 996   81]
  [ 540  882]]

 [[1961  263]
  [ 959 1815]]

 [[2912  397]
  [1246 2943]]

 [[4000  561]
  [1451 3986]]]


***> 10K matthews_corrcoef:
[0.55460102 0.54050425 0.58202619 0.61027888]


